      0/29     3.16G    0.1111   0.02482         0    0.1359        18       640    0.0381   0.06931  0.007022  0.001081   0.09505   0.01881         0
      1/29     2.44G   0.09387   0.02415         0     0.118        11       640   0.04638    0.1584    0.0185   0.00331   0.08589     0.017         0
      2/29     2.44G   0.08358   0.02422         0    0.1078        19       640      0.39    0.3762    0.2981   0.07418   0.06923   0.01588         0
      3/29     2.44G   0.07137   0.02264         0   0.09402        22       640    0.4944    0.5034    0.3913    0.1113    0.0611   0.01431         0
      4/29     2.44G   0.06518   0.02082         0   0.08599        22       640    0.6799    0.5743    0.6026     0.202   0.05604   0.01279         0
      5/29     2.44G   0.06074    0.0186         0   0.07935        15       640    0.4337    0.5248    0.3445   0.08595   0.05618   0.01123         0
      6/29     2.44G   0.05702   0.01812         0   0.07513        19       640    0.6334     0.703    0.6514    0.2073   0.05367  0.009988         0
      7/29     2.44G   0.05771   0.01625         0   0.07396        21       640    0.5726    0.6931    0.6236     0.196   0.05403  0.009297         0
      8/29     2.44G   0.05492   0.01556         0   0.07049        12       640    0.6385    0.6832    0.6006    0.1859   0.05296  0.008492         0
      9/29     2.44G   0.05453     0.015         0   0.06953        11       640    0.6459    0.7228    0.7016    0.2819   0.05308  0.008246         0
     10/29     2.44G   0.05331   0.01355         0   0.06686        10       640    0.6482    0.6436    0.6604    0.1984   0.05537  0.007611         0
     11/29     2.44G   0.05231   0.01332         0   0.06563        16       640    0.8235    0.5542    0.6841    0.2523   0.05718  0.006983         0
     12/29     2.44G   0.05041   0.01252         0   0.06293        21       640    0.5615    0.6535    0.5604    0.1733   0.05541   0.00694         0
     13/29     2.44G   0.05116   0.01324         0    0.0644        17       640    0.7353    0.7425    0.8077    0.3162   0.04782  0.007269         0
     14/29     2.44G   0.05013   0.01238         0   0.06251        14       640    0.7138    0.7426    0.7299    0.2509   0.04587  0.007031         0
     15/29     2.44G   0.05132   0.01191         0   0.06324        17       640     0.831    0.6931    0.7793    0.2513   0.04859  0.006916         0
     16/29     2.44G   0.04549   0.01183         0   0.05732        15       640    0.7698    0.7327    0.7746    0.2751   0.04838  0.006615         0
     17/29     2.44G   0.04518   0.01148         0   0.05666        17       640    0.8508    0.7921    0.8692     0.316   0.04253  0.006564         0
     18/29     2.44G   0.05034   0.01118         0   0.06151         9       640    0.6908    0.7519    0.7726    0.2765   0.04612  0.007233         0
     19/29     2.44G   0.04435   0.01298         0   0.05733        24       640    0.8658     0.703    0.8076    0.3339   0.04645  0.006407         0
     20/29     2.44G   0.04452   0.01122         0   0.05574        17       640    0.9111    0.8117    0.9059     0.377   0.04333  0.006233         0
     21/29     2.44G   0.04138   0.01027         0   0.05165        21       640    0.8839    0.8317    0.8848    0.3333    0.0439  0.006032         0
     22/29     2.44G   0.03976   0.01047         0   0.05022        23       640    0.8264     0.802    0.8056    0.3329    0.0448   0.00601         0
     23/29     2.44G   0.03887  0.009626         0    0.0485        15       640    0.9204    0.8009    0.9032    0.3747   0.04145  0.005976         0
     24/29     2.44G   0.03641   0.01027         0   0.04668        19       640    0.8369    0.7624    0.8046    0.3769   0.04139  0.005862         0
     25/29     2.44G   0.03718  0.009701         0   0.04688        23       640    0.8681    0.8515    0.8923    0.3853   0.03988  0.005856         0
     26/29     2.44G   0.03627   0.00984         0   0.04611        14       640    0.9236    0.8416     0.935    0.3861   0.04004  0.005775         0
     27/29     2.44G   0.03405  0.009905         0   0.04396        19       640    0.9326    0.8218    0.9115     0.377   0.04028  0.005782         0
     28/29     2.44G   0.03306  0.009192         0   0.04225        13       640    0.9072    0.8713    0.9067    0.3812   0.03983  0.005863         0
     29/29     2.44G   0.03281  0.009172         0   0.04198        17       640       0.9     0.891    0.9243    0.3764   0.04023  0.005838         0
